100 6
200 17
300 72
400 47
500 100
600 124
700 159
800 218
900 266
1000 290
1100 375
1200 443
1300 718
1400 681
1500 736
1600 813
1700 859
1800 1049
1900 1096
2000 1671
2100 1427
2200 1539
2300 1596
2400 1893
2500 1930
2600 2106
2700 2275
2800 2485
2900 2748
3000 2800
3100 3091
3200 3283
3300 3542
3400 3896
3500 4257
3600 4336
3700 4380
3800 5137
3900 5067
4000 4944
4100 5308
4200 5798
4300 5824
4400 6235
4500 6827
4600 7320
4700 7443
4800 9379
4900 8756
5000 8051
5100 8440
5200 8513
5300 9066
5400 12243
5500 13285
5600 10227
5700 10694
5800 12920
5900 11156
6000 11779
6100 13160
6200 15524
6300 12805
6400 13348
6500 13542
6600 13724
6700 14643
6800 14952
6900 15600
7000 16370
7100 16444
7200 16332
7300 17038
7400 17116
7500 18296
7600 19068
7700 18588
7800 20985
7900 20295
8000 20109
8100 20866
8200 21403
8300 21846
8400 22618
8500 23171
8600 23911
8700 25744
8800 24728
8900 24657
9000 26057
9100 26211
9200 26955
9300 29174
9400 28264
9500 28604
9600 29282
9700 30974
9800 31688
9900 31045
10000 34714
