100 0.000001
200 0.000002
300 0.000001
400 0.000001
500 0.000002
600 0.000002
700 0.000002
800 0.000002
900 0.000002
1000 0.000001
1100 0.000001
1200 0.000002
1300 0.000002
1400 0.000002
1500 0.000004
1600 0.000004
1700 0.000004
1800 0.000002
1900 0.000002
2000 0.000003
2100 0.000003
2200 0.000002
2300 0.000003
2400 0.000003
2500 0.000003
2600 0.000003
2700 0.000003
2800 0.000003
2900 0.000003
3000 0.000003
3100 0.000006
3200 0.000007
3300 0.000006
3400 0.000007
3500 0.000004
3600 0.000003
3700 0.000004
3800 0.000004
3900 0.000004
4000 0.000004
4100 0.000004
4200 0.000009
4300 0.000007
4400 0.000005
4500 0.000004
4600 0.000005
4700 0.000005
4800 0.000005
4900 0.000005
5000 0.000005
5100 0.000005
5200 0.000010
5300 0.000008
5400 0.000005
5500 0.000005
5600 0.000005
5700 0.000006
5800 0.000006
5900 0.000006
6000 0.000005
6100 0.000011
6200 0.000006
6300 0.000006
6400 0.000006
6500 0.000007
6600 0.000006
6700 0.000006
6800 0.000007
6900 0.000012
7000 0.000032
7100 0.000006
7200 0.000007
7300 0.000007
7400 0.000009
7500 0.000007
7600 0.000007
7700 0.000007
7800 0.000008
7900 0.000007
8000 0.000017
8100 0.000008
8200 0.000008
8300 0.000007
8400 0.000010
8500 0.000007
8600 0.000013
8700 0.000008
8800 0.000009
8900 0.000008
9000 0.000008
9100 0.000010
9200 0.000013
9300 0.000008
9400 0.000009
9500 0.000009
9600 0.000031
9700 0.000020
9800 0.000013
9900 0.000009
10000 0.000009
