# Tamanho_do_Vetor Tempo_de_Execucao
100 16
110 14
120 16
130 17
140 23
150 18
160 18
170 18
180 18
190 18
200 19
210 21
220 26
230 23
240 22
250 27
260 22
270 23
280 28
290 28
300 28
310 29
320 31
330 31
340 33
350 36
360 35
370 43
380 43
390 43
400 45
410 39
420 40
430 41
440 42
450 40
460 42
470 43
480 45
490 45
500 46
510 46
520 49
530 49
540 50
550 51
560 53
570 53
580 52
590 54
600 56
610 57
620 58
630 59
640 58
650 59
660 61
670 63
680 64
690 64
700 65
710 65
720 67
730 68
740 68
750 70
760 71
770 70
780 72
790 73
800 74
810 76
820 77
830 77
840 78
850 80
860 80
870 82
880 83
890 83
900 83
910 84
920 86
930 88
940 88
950 89
960 87
970 90
980 90
990 91
1000 93
1010 94
1020 93
1030 94
1040 97
1050 98
1060 100
1070 101
1080 101
1090 101
1100 103
1110 104
1120 105
1130 107
1140 108
1150 107
1160 108
1170 110
1180 112
1190 113
1200 114
1210 115
1220 113
1230 115
1240 117
1250 118
1260 119
1270 119
1280 118
1290 120
1300 122
1310 124
1320 126
1330 126
1340 127
1350 126
1360 128
1370 130
1380 131
1390 130
1400 132
1410 131
1420 132
1430 134
1440 136
1450 138
1460 138
1470 136
1480 138
1490 140
1500 141
1510 142
1520 144
1530 144
1540 144
1550 144
1560 146
1570 147
1580 148
1590 149
1600 150
1610 151
1620 152
1630 153
1640 153
1650 152
1660 156
1670 158
1680 159
1690 161
1700 161
1710 162
1720 164
1730 162
1740 164
1750 167
1760 168
1770 169
1780 169
1790 169
1800 170
1810 172
1820 173
1830 174
1840 175
1850 176
1860 176
1870 178
1880 179
1890 181
1900 182
1910 184
1920 181
1930 198
1940 184
1950 183
1960 185
1970 186
1980 186
1990 188
2000 189
2010 191
2020 190
2030 191
2040 192
2050 194
2060 196
2070 197
2080 199
2090 199
2100 202
2110 200
2120 202
2130 204
2140 206
2150 207
2160 209
2170 209
2180 208
2190 210
2200 216
2210 213
2220 215
2230 215
2240 214
2250 215
2260 216
2270 217
2280 218
2290 219
2300 221
2310 222
2320 223
2330 224
2340 225
2350 227
2360 228
2370 228
2380 231
2390 233
2400 234
2410 235
2420 237
2430 235
2440 236
2450 238
2460 239
2470 240
2480 241
2490 241
2500 241
2510 242
2520 245
2530 246
2540 246
2550 248
2560 246
2570 249
2580 250
2590 253
2600 253
2610 254
2620 255
2630 257
2640 257
2650 260
2660 260
2670 262
2680 262
2690 261
2700 264
2710 266
2720 267
2730 267
2740 269
2750 268
2760 268
2770 270
2780 271
2790 271
2800 272
2810 272
2820 274
2830 275
2840 276
2850 276
2860 277
2870 279
2880 279
2890 282
2900 281
2910 281
2920 282
2930 283
2940 284
2950 287
2960 288
2970 289
2980 290
2990 291
3000 292
3010 291
3020 293
3030 295
3040 295
3050 297
3060 297
3070 297
3080 299
3090 300
3100 302
3110 303
3120 304
3130 304
3140 305
3150 307
3160 308
3170 311
3180 310
3190 311
3200 311
3210 313
3220 315
3230 316
3240 317
3250 318
3260 319
3270 320
3280 322
3290 324
3300 327
3310 327
3320 325
3330 326
3340 326
3350 386
3360 332
3370 333
3380 336
3390 336
3400 333
3410 339
3420 336
3430 340
3440 339
3450 339
3460 340
3470 340
3480 342
3490 343
3500 344
3510 345
3520 345
3530 346
3540 348
3550 349
3560 349
3570 351
3580 354
3590 352
3600 355
3610 355
3620 361
3630 359
3640 358
3650 358
3660 360
3670 363
3680 364
3690 365
3700 366
3710 365
3720 366
3730 368
3740 369
3750 372
3760 374
3770 372
3780 371
3790 375
3800 375
3810 377
3820 377
3830 379
3840 377
3850 380
3860 381
3870 382
3880 384
3890 383
3900 383
3910 383
3920 385
3930 388
3940 389
3950 388
3960 389
3970 389
3980 391
3990 393
4000 393
4010 394
4020 397
4030 395
4040 397
4050 398
4060 399
4070 401
4080 401
4090 400
4100 401
4110 403
4120 405
4130 405
4140 407
4150 409
4160 408
4170 411
4180 413
4190 415
4200 415
4210 416
4220 416
4230 417
4240 420
4250 421
4260 422
4270 424
4280 425
4290 424
4300 427
4310 428
4320 429
4330 432
4340 431
4350 430
4360 433
4370 435
4380 436
4390 438
4400 438
4410 438
4420 440
4430 442
4440 444
4450 445
4460 445
4470 445
4480 444
4490 448
4500 449
4510 451
4520 451
4530 453
4540 454
4550 456
4560 458
4570 458
4580 460
4590 461
4600 461
4610 462
4620 464
4630 465
4640 468
4650 468
4660 469
4670 467
4680 467
4690 468
4700 469
4710 474
4720 472
4730 471
4740 473
4750 476
4760 482
4770 481
4780 481
4790 480
4800 480
4810 481
4820 482
4830 482
4840 482
4850 484
4860 485
4870 485
4880 487
4890 520
4900 490
4910 489
4920 491
4930 490
4940 491
4950 493
4960 493
4970 495
4980 496
4990 494
5000 497
5010 500
5020 502
5030 508
5040 510
5050 504
5060 503
5070 506
5080 506
5090 509
5100 509
5110 509
5120 508
5130 514
5140 514
5150 515
5160 518
5170 519
5180 520
5190 523
5200 523
5210 525
5220 526
5230 527
5240 528
5250 528
5260 529
5270 529
5280 530
5290 531
5300 532
5310 535
5320 536
5330 539
5340 541
5350 543
5360 541
5370 542
5380 542
5390 541
5400 544
5410 547
5420 547
5430 547
5440 548
5450 550
5460 552
5470 553
5480 554
5490 553
5500 555
5510 556
5520 557
5530 559
5540 560
5550 567
5560 561
5570 560
5580 561
5590 563
5600 565
5610 564
5620 567
5630 566
5640 576
5650 568
5660 570
5670 572
5680 574
5690 572
5700 575
5710 575
5720 578
5730 578
5740 580
5750 580
5760 586
5770 579
5780 579
5790 588
5800 583
5810 586
5820 585
5830 587
5840 587
5850 591
5860 589
5870 594
5880 590
5890 593
5900 596
5910 598
5920 598
5930 608
5940 599
5950 599
5960 601
5970 609
5980 602
5990 604
6000 604
6010 603
6020 606
6030 607
6040 608
6050 609
6060 608
6070 610
6080 610
6090 613
6100 614
6110 615
6120 617
6130 616
6140 618
6150 620
6160 620
6170 623
6180 623
6190 626
6200 627
6210 628
6220 629
6230 631
6240 631
6250 631
6260 636
6270 632
6280 633
6290 635
6300 635
6310 636
6320 639
6330 638
6340 639
6350 642
6360 645
6370 643
6380 652
6390 645
6400 652
6410 648
6420 651
6430 651
6440 652
6450 654
6460 654
6470 656
6480 657
6490 661
6500 661
6510 662
6520 665
6530 666
6540 665
6550 667
6560 669
6570 669
6580 672
6590 669
6600 671
6610 696
6620 675
6630 678
6640 676
6650 677
6660 677
6670 676
6680 682
6690 681
6700 682
6710 684
6720 684
6730 684
6740 686
6750 685
6760 686
6770 689
6780 688
6790 690
6800 693
6810 694
6820 695
6830 696
6840 697
6850 696
6860 699
6870 701
6880 703
6890 703
6900 703
6910 701
6920 704
6930 705
6940 705
6950 711
6960 712
6970 712
6980 715
6990 716
7000 714
7010 717
7020 721
7030 718
7040 720
7050 722
7060 723
7070 725
7080 723
7090 727
7100 724
7110 725
7120 726
7130 728
7140 729
7150 731
7160 731
7170 732
7180 734
7190 735
7200 739
7210 741
7220 742
7230 739
7240 740
7250 746
7260 742
7270 746
7280 747
7290 747
7300 749
7310 749
7320 750
7330 752
7340 754
7350 754
7360 753
7370 756
7380 758
7390 759
7400 761
7410 762
7420 761
7430 762
7440 763
7450 765
7460 766
7470 767
7480 770
7490 768
7500 770
7510 773
7520 773
7530 775
7540 776
7550 776
7560 774
7570 778
7580 780
7590 782
7600 782
7610 782
7620 785
7630 785
7640 787
7650 789
7660 788
7670 790
7680 789
7690 789
7700 791
7710 792
7720 793
7730 794
7740 795
7750 793
7760 796
7770 796
7780 796
7790 799
7800 799
7810 800
7820 802
7830 803
7840 803
7850 805
7860 806
7870 802
7880 806
7890 808
7900 806
7910 809
7920 811
7930 807
7940 811
7950 795
7960 758
7970 756
7980 762
7990 760
8000 761
8010 762
8020 763
8030 758
8040 764
8050 762
8060 761
8070 769
8080 768
8090 772
8100 769
8110 770
8120 767
8130 778
8140 766
8150 771
8160 769
8170 772
8180 769
8190 785
8200 780
8210 780
8220 785
8230 780
8240 784
8250 784
8260 786
8270 781
8280 790
8290 783
8300 788
8310 788
8320 792
8330 790
8340 795
8350 792
8360 804
8370 865
8380 799
8390 798
8400 800
8410 802
8420 803
8430 802
8440 810
8450 803
8460 806
8470 807
8480 810
8490 808
8500 813
8510 808
8520 819
8530 813
8540 819
8550 818
8560 820
8570 817
8580 821
8590 819
8600 825
8610 824
8620 827
8630 826
8640 825
8650 825
8660 829
8670 827
8680 839
8690 831
8700 834
8710 833
8720 837
8730 835
8740 845
8750 841
8760 842
8770 830
8780 836
8790 840
8800 856
8810 843
8820 850
8830 842
8840 847
8850 846
8860 851
8870 849
8880 854
8890 848
8900 860
8910 852
8920 853
8930 852
8940 856
8950 854
8960 859
8970 854
8980 853
8990 857
9000 855
9010 859
9020 859
9030 867
9040 859
9050 869
9060 867
9070 912
9080 871
9090 873
9100 870
9110 885
9120 874
9130 876
9140 876
9150 876
9160 918
9170 931
9180 925
9190 928
9200 929
9210 928
9220 936
9230 938
9240 938
9250 941
9260 941
9270 944
9280 944
9290 945
9300 945
9310 950
9320 950
9330 951
9340 952
9350 950
9360 951
9370 954
9380 956
9390 959
9400 958
9410 956
9420 960
9430 962
9440 962
9450 964
9460 966
9470 965
9480 968
9490 967
9500 972
9510 978
9520 978
9530 979
9540 978
9550 979
9560 982
9570 981
9580 985
9590 984
9600 984
9610 987
9620 987
9630 991
9640 988
9650 992
9660 991
9670 990
9680 992
9690 993
9700 996
9710 998
9720 996
9730 996
9740 997
9750 1000
9760 999
9770 1003
9780 1005
9790 1003
9800 1002
9810 1006
9820 1005
9830 1005
9840 1007
9850 1002
9860 1010
9870 1011
9880 1010
9890 1011
9900 1012
9910 1017
9920 1014
9930 1013
9940 1017
9950 1016
9960 1019
9970 1018
9980 1018
9990 1019
10000 1023
