100 0.000010
200 0.000042
300 0.000095
400 0.000160
500 0.000375
600 0.000390
700 0.000456
800 0.000618
900 0.000774
1000 0.000983
1100 0.001211
1200 0.001363
1300 0.001638
1400 0.001898
1500 0.002149
1600 0.002449
1700 0.002627
1800 0.003037
1900 0.003739
2000 0.004011
2100 0.004146
2200 0.004530
2300 0.005170
2400 0.005364
2500 0.005774
2600 0.006340
2700 0.007050
2800 0.007167
2900 0.008434
3000 0.008557
3100 0.008910
3200 0.010403
3300 0.010846
3400 0.011443
3500 0.014328
3600 0.012838
3700 0.013020
3800 0.013758
3900 0.015152
4000 0.014984
4100 0.020699
4200 0.017256
4300 0.018165
4400 0.018637
4500 0.019896
4600 0.019929
4700 0.021069
4800 0.023627
4900 0.022258
5000 0.023055
5100 0.025530
5200 0.025417
5300 0.031187
5400 0.028038
5500 0.030054
5600 0.029225
5700 0.031173
5800 0.034853
5900 0.038875
6000 0.033929
6100 0.038441
6200 0.035737
6300 0.037167
6400 0.038098
6500 0.039184
6600 0.041458
6700 0.046588
6800 0.046111
6900 0.044258
7000 0.048290
7100 0.052920
7200 0.051402
7300 0.056706
7400 0.053561
7500 0.056808
7600 0.066125
7700 0.073554
7800 0.072222
7900 0.066154
8000 0.065783
8100 0.063816
8200 0.063670
8300 0.065492
8400 0.078637
8500 0.072511
8600 0.078931
8700 0.075409
8800 0.077609
8900 0.080444
9000 0.085091
9100 0.084903
9200 0.081876
9300 0.085602
9400 0.084403
9500 0.087574
9600 0.098029
9700 0.095511
9800 0.097306
9900 0.096678
10000 0.100087
