100 5
200 19
300 13
400 15
500 19
600 24
700 28
800 33
900 36
1000 45
1100 53
1200 59
1300 60
1400 60
1500 70
1600 69
1700 78
1800 81
1900 85
2000 89
2100 98
2200 112
2300 110
2400 257
2500 126
2600 119
2700 125
2800 154
2900 148
3000 145
3100 161
3200 164
3300 157
3400 159
3500 192
3600 187
3700 208
3800 194
3900 191
4000 194
4100 200
4200 204
4300 227
4400 265
4500 233
4600 259
4700 261
4800 237
4900 254
5000 255
5100 277
5200 289
5300 282
5400 290
5500 285
5600 303
5700 340
5800 286
5900 303
6000 318
6100 345
6200 329
6300 330
6400 365
6500 364
6600 370
6700 382
6800 420
6900 447
7000 462
7100 436
7200 431
7300 477
7400 412
7500 492
7600 436
7700 461
7800 417
7900 464
8000 440
8100 473
8200 434
8300 543
8400 474
8500 484
8600 508
8700 509
8800 479
8900 489
9000 616
9100 541
9200 506
9300 553
9400 540
9500 546
9600 626
9700 567
9800 606
9900 642
10000 591
